0 3 10 8 2 6 0 5 5 0 7 6 5 3 7 7
4 9 1 4 8 7 5 7 1 1 8 0 2 3 10 9
8 9 6 1 1 2 5 3 3 7 10 5 10 8 7 3
9 1 7 4 1 2 1 5 3 0 7 10 0 8 5 3
5 5 6 1 7 7 7 2 3 4 6 8 5 3 1 10
5 4 2 8 6 7 4 4 8 4 6 2 3 4 6 7
1 6 2 3 5 6 2 8 8 2 6 10 7 2 5 1
1 4 10 5 10 4 1 9 3 5 2 0 4 0 1 3
6 9 9 9 5 4 1 7 5 7 7 0 6 10 9 10
2 2 4 2 3 9 5 6 9 9 2 7 6 7 1 4
5 6 10 1 6 1 6 3 7 0 0 10 4 10 7 4
0 8 0 4 2 3 4 7 9 6 4 1 3 2 0 2
7 8 4 9 3 10 3 3 3 6 8 3 3 7 4 6
8 6 2 1 3 6 5 10 10 3 9 8 7 7 7 10
9 9 9 7 5 2 8 10 9 0 3 0 10 2 9 5
7 10 3 0 2 7 7 4 3 6 5 10 2 6 7 5