9083
7855
8097
5077
5645
3305
5908
5823
6394
4663
2225
8942
3206
5699
7788
6304
3055
6019
8281
8331
5695
906
7075
7877
1639
556
9743
4924
3305
4343
2092
4907
9966
6120
695
3808
7284
8253
6302
2559
3245
4440
38
1612
1414
3373
9740
5400
2006
5219
9454
2060
9618
3912
5796
2828
4116
101
875
8269
4898
9586
6637
4656
3334
4856
4875
7220
8875
6074
3718
4739
9527
4780
3789
807
1479
6336
1948
8853
655
7119
8158
1383
5251
180
558
699
719
1309
6962
8884
7821
1468
2215
3711
9083
275
9990
9004
939
805
2519
943
3132
9551
8315
5403
9758
4925
5015
4913
7998
6058
9714
2500
4455
4990
3480
9430
1147
9838
2898
8680
6173
3175
8795
8741
697
7622
7085
9110
2550
1217
6408
5499
2966
5074
4211
4553
3458
8393
7100
3779
8364
2578
9802
626
8338
2722
5305
9073
6051
7495
4162
7536
3069
5603
254
222
3050
6320
5527
7316
6604
8774
701
5992
1248
393
9363
2787
6607
5687
7508
2789
2305
6184
6238
92
5045
4495
3599
8615
4805
7926
9237
9383
659
4179
2128
9202
6367
24
1581
8625
6352
3603
3498
4469
8539
7597
2914
2730
9284
7354
6447
9803
3040
3367
5247
5222
9012
102
7235
3408
1150
4639
2192
6617
2527
2344
8369
7435
1638
7652
636
552
6976
8785
6249
6260
1973
4654
2930
9288
7954
2607
4405
8233
1264
5744
6363
2244
5058
6348
1186
7508
8715
7443
4441
1159
5479
5843
2050
2101
8425
4742
7681
9609
3278
4475
7022
3988
9131
1400
9897
8368
3490
248
4806
1460
812
7577
5723
6121
7484
7971
8657
6674
1296
1810
8277
1529
2083
6702
7723
3432
1187
8362
2030
2778
1656
9807
9423
9773
8887
802
615
6509
2841
1116
6355
5517
480
5098
4938
9411
211
5060
7908
6663
3114
5942
766
7162
6665
8843
7719
7536
1046
4265
6437
1273
6026
9062
6172
2641
35
1108
6921
7115
156
8468
7169
8851
8708
5332
2340
570
7321
4411
7020
829
4938
6027
5101
3674
743
460
9242
3939
5262
8770
6714
7316
3319
6346
1557
9070
4327
7934
8687
5253
254
8035
6977
7919
4646
4518
3615
8288
8713
1656
5233
8958
7464
6958
4229
1737
2993
2622
7284
9742
7512
4081
5401
3222
3691
8544
7311
2326
4367
6621
2941
3140
1746
8655
5439
8662
8669
2693
9134
4487
453
3919
6947
9
3570
1954
3852
3141
7324
2511
2276
4830
8517
5228
5169
4140
2479
4862
5111
1677
499
7190
1941
7903
4463
4588
6329
243
8396
9344
2056
4859
8501
110
7668
2052
293
7464
6539
1465
7874
5054
6276
7628
24
6106
3505
4521
3471
6963
7905
439
9512
2349
8783
6482
5677
1539
2699
5137
8126
9700
6540
5273
1926
6276
9827
8417
5464
836
1486
9385
7153
9774
8697
3953
481
4032
9329
2800
362
4897
379
3354
2887
1581
2769
5550
2130
9004
877
3766
7314
373
6243
9505
6763
9604
22
8181
7138
6118
6271
8472
9295
9699
9523
8108
4414
5952
5139
3798
613
7654
1759
3707
2976
4932
5871
4418
3636
8066
8086
2461
5293
3064
4346
5552
475
6022
3509
4995
4642
9249
7060
1641
4459
1182
1570
8117
5189
5143
6526
6173
7376
3639
894
5338
4429
348
4407
6937
2844
7567
5489
3139
7975
3611
3404
3442
4512
4426
5431
9565
1619
5203
3735
2555
6534
7331
897
259
554
1282
1108
4781
6327
9035
9559
9249
2002
9988
881
6097
4560
4095
4838
8459
8388
9893
249
4918
5895
3540
6854
5019
6839
4358
6559
9952
1612
8404
8725
6155
2995
6914
3788
4243
5626
6994
5352
1619
5447
4592
5820
8771
1536
3716
8128
5430
684
1657
6653
8905
5169
7254
1943
9660
3807
9860
6959
7068
1982
6363
9541
7512
8765
995
4643
7797
9484
2950
7119
659
3640
9221
4284
7335
8040
2728
6477
1816
7655
4261
6180
4593
6954
6665
1812
9180
858
4261
1493
2348
6520
411
5092
2965
3050
3158
5901
5995
5961
5094
9919
5697
511
7675
8869
7897
7269
236
3640
4563
5618
717
8396
248
6793
897
8445
3615
8601
1239
2323
169
9571
9179
8877
5991
1566
8839
5545
9454
6224
5260
8219
9883
4277
7566
6957
7650
8228
1729
3525
6915
3800
1266
3249
3832
6376
203
8919
5354
783
6849
6188
3134
7029
5758
229
4886
4050
820
3576
1444
7111
8168
1720
4352
3656
6079
8547
8649
3265
9881
7905
537
1430
328
8923
9581
1398
3736
7999
5424
1124
7535
7431
4770
1794
1099
8611
2443
6777
7333
4639
9360
7515
6110
8580
9915
5325
177
6168
2072
7656
4126
8589
1935
4201
9961
314
6639
1435
3424
309
528
117
6795
688
9815
8445
3086
200
2824
7870
8678
7278
7465
5426
9155
2231
2606
3635
1929
4372
7062
5487
5541
5828
2575
9241
6015
2778
9434
9779
9699
2050
806
271
8006
9478
3297
8514
8079
3250
3417
3050
8860
5046
7540
3643
673
7004
106
3513
6644
6400
8184
7664
3003
3552
1260
2431
2949
752
1040
6917
7321
5054
7702
3370
3974
7231
1387
4688
3960
3467
7254
8822
9322
1214
7243
7819
5663
2005
6254
7561
474
4114
5324
4783
9177
815
1197
5312
484
8184
8044
4442
8355
2367
9185
8500
8796
1268
6410
4245
5978
6831
1374
6484
9902
7912
23
287
3683
7156
237
26
876
2603
4164
6822
8895
1966
4614
5947
3747
7263
3414
1137
3762
6226
2194
6560
2596
6726
6889
831
1973
2584
3116
1034
1086
9104
8478
658
3020
2539
3208
5956
2389
5957
5357
6761
5466
1189
2997
4838
5280
9542
3668
1182
6028
301
6212
2376
840
357
2752
1190
5488
4407
2825
9732
4311
8128
4658
4281
7554
8415
3031
4394
3396
9677
7454
5274
52
8073
1331
6840
4886
7354
1079
1398
6041
4144
971
4150
3525
1358
1897
1267
7679
335
7750
823
2920
7531
1856
522
8797
224
7771
911
8575
1665
9547
7556
8971
1545
2448
3734
2742
6428
6385
6717
9908
9836
6186
684
2738
1486
2248
8142
9779
3109
4494
8805
908
3073
967
6157
7000
4378
9055
8463
7730
3028
2010
8243
8167
6462
9483
5287
5087
6323
421
3306
5611
801
8819
4891
9099
3151
1178
6563
6522
2078
934
9490
7166
4806
4930
9632
9240
9726
3447
6917
7013
1664
780
5900
2789
8927
4278
7908
5139
3580
7552
9909
6069
6671
4567
5323
305
6359
5867
2027
4152
2469
8316
2441
7201
7989
626
8654
4916
278
1106
3009
8276
8358
2395
4058
8109
8893
870
3476
5953
559
1449
225
3558
1187
6623
1464
7745
1603
9443
5884
7604
4232
3373
7242
5880
4781
9990
2247
9262
795
8450
3045
2380
5203
4113
7850
3939
7727
79
2203
6361
5774
398
5752
1662
454
7195
5348
2639
9695
1669
8213
1431
4941
4359
4997
8117
5176
9466
9426
4628
7292
1815
5191
1590
713
8920
8801
5510
3341
2609
8312
1564
2125
5601
9131
4632
4294
9660
5913
1453
8255
2511
2599
3644
4013
525
7151
2284
3189
5789
1203
8548
3229
6481
7570
1849
2507
3007
281
445
4627
4427
2285
7597
7165
6746
740
1650
5302
4787
5411
6389
9031
1704
9747
109
3156
3298
3161
6767
8329
6449
1890
8716
3754
9229
6188
3158
5152
7524
630
4630
5391
7118
2600
1978
7253
3313
5254
8086
802
1318
922
7857
3390
6769
5695
8542
5816
7627
9847
2985
8109
8794
4680
925
5608
9038
3941
9296
6539
7265
9215
9420
8981
7936
7451
8482
7909
4775
6979
1203
6914
4512
5382
2752
419
9856
7062
9831
1416
3305
3088
8707
5500
3319
1834
6964
9974
2855
3236
4924
2759
3315
1240
8032
7619
1453
8014
6884
7964
3676
8825
8113
2047
3818
9522
6535
6733
2920
6602
9723
8881
1933
4449
9965
1675
1844
4986
6281
940
9184
1306
1754
3167
1880
7058
782
59
3641
7617
3701
8988
97
8787
7547
3428
3034
2859
9836
3570
3378
8865
1137
4073
2402
7004
7402
8961
9146
3607
2130
3927
4458
5135
3881
4814
2632
7670
8959
9824
5702
6187
5154
2523
468
1350
4612
8728
4005
3143
1043
1791
1890
3482
1734
5449
2240
3878
4972
9429
4247
9150
6010
4145
3205
1083
8610
4217
9889
2666
3422
21
3689
3472
7955
6863
3258
284
6067
8053
5468
9962
950
2848
4185
4026
9231
3876
6691
7287
2374
267
9649
8253
9031
4716
6978
4926
3287
712
8790
5671
8275
6814
7816
8438
1290
481
3018
8970
1403
6645
87
8717
702
966
1596
3293
5597
8842
4378
3617
922
8178
6409
9312
2869
2415
8177
6703
3404
6739
6621
3963
3628
7536
251
4169
4073
9904
92
9495
8846
5212
3427
2352
376
8658
6133
3755
663
7125
2716
576
5008
1720
6748
4280
7016
1089
52
3526
856
4634
7933
4587
3655
667
1038
5662
5857
8386
4503
5950
8921
897
8297
7676
351
6587
1614
5677
6534
3678
9553
6017
1577
5760
8320
5795
7289
8860
5539
6129
7196
4473
3457
2362
6991
2233
302
7786
3919
6844
5412
9583
675
5992
6149
4838
819
1479
7621
3469
9476
7759
7419
9272
1955
8291
2476
8077
3260
2125
2543
1002
4776
2858
8702
4123
4057
5921
3095
8528
4900
3185
9021
9829
236
1980
5550
7495
3923
9865
2357
6893
4616
9558
1302
3191
5723
5416
833
1488
5204
7328
6665
4949
4576
937
8009
9326
2533
1901
9660
3849
3847
668
3956
1899
4138
4797
5992
4708
1288
4488
2753
6598
5621
855
2582
8559
7703
5193
4525
2877
7806
2504
6387
5164
1753
9235
1018
7435
6825
8429
1672
300
5318
6712
1491
8198
3414
6535
9341
2701
7475
7422
1950
6251
3127
6855
36
4277
5708
2599
8264
759
7271
2963
4624
4890
4726
9578
9775
3134
1995
8715
3618
247
9606
4467
575
6384
9562
8682
3652
324
5740
1461
4630
9200
3830
5712
1256
5981
9645
3340
1290
8784
809
6684
8524
8536
7613
5156
6329
5667
9626
4497
8817
1744
3197
3349
2713
733
9042
6324
3425
6796
8067
1721
3300
4351
5750
873
3671
6282
8640
3572
2809
3797
7143
7319
7123
5597
4758
4395
5310
1537
5345
8970
7289
6902
4495
3732
2232
7695
202
3722
1152
3400
4098
4718
1984
8514
3830
6454
9362
1202
4817
16
6614
798
3491
3723
6470
3097
5162
7278
1279
2204
2170
2765
7104
6110
6279
3778
8328
5802
8865
4965
9886
1063
8095
46
4412
5395
7560
5664
4994
3679
9454
9515
1977
7392
2032
3184
2946
5026
4001
266
8975
2752
1140
9196
5811
3679
480
8218
9391
2016
7483
93
1282
6697
52
8689
4851
9079
8604
8596
3839
2201
745
9189
7735
5441
7374
3837
5808
8682
1107
318
4143
3280
6527
3341
8562
5118
787
6020
4918
7032
6597
7795
1398
3206
1651
3094
7470
3331
6981
1707
749
5112
5738
5536
2954
5116
2592
2904
3926
3352
6196
4803
3620
2085
2596
2379
433
2172
2467
7691
3989
376
7185
9633
957
3186
9125
7691
9047
2290
9629
167
3644
5423
7120
2066
408
3503
6942
9832
6652
8151
9221
5839
1840
398
5624
8136
2647
7954
5513
5376
5513
6592
582
6183
1986
494
6962
6543
4127
3604
6844
8140
7297
2298
5546
4583
7452
3102
2145
1782
3236
9307
4718
5340
2999
5190
6528
6424
6867
3487
6314
7302
5326
1205
1251
7407
9002
4184
6928
7323
3178
8334
1267
687
5251
6711
9079
4259
2739
2503
8900
1596
3853
7664
9405
6265
3676
9689
7
990
8302
8039
3141
2080
7516
1403
6420
7352
4709
6565
5827
928
1467
1078
5015
4342
9647
1842
8413
2304
7788
9521
3455
3542
6978
4990
8313
1957
4439
603
5443
8490
7684
7511
9410
3852
3603
3317
5908
2639
2584
1087
855
5686
2179
3019
9828
4013
7983
9177
1484
9254
2275
7579
2804
8657
2410
5100
1237
3377
8303
4402
3225
5394
9447
9303
4568
2250
1261
2735
2907
4752
6128
2270
7474
9725
187
7417
2612
7577
9472
6177
2934
4930
2267
5909
1296
4493
8061
8882
8373
9434
3779
1597
806
413
7988
8833
3058
9137
4465
8876
3156
3366
453
1169
5429
6826
5012
4082
3437
5977
3263
3912
4762
3817
7641
3034
589
348
5340
6668
8774
5422
4612
2326
1114
6725
7662
4107
3350
8466
7312
2477
293
2636
552
787
3829
5619
9869
5273
9011
1211
279
7464
14
7635
1375
6077
2655
683
1868
7323
5219
5478
5254
9456
5617
1849
788
3872
4325
3918
2005
9535
6093
7878
9479
7027
6103
2849
6553
1513
4612
5106
3332
9111
6936
328
8373
4854
2126
9334
5840
6617
3259
4082
8219
4145
3941
4576
3387
2634
4955
5511
1046
4897
8461
4435
8605
8283
9498
7421
9067
2928
9515
973
5082
7659
2661
5123
1818
6792
4665
7806
1877
4982
9808
6494
3828
9212
4211
7027
3003
7410
2475
9074
6482
9473
7208
8047
8430
3610
2108
7272
497
5060
7303
9818
5364
5758
8815
9917
9778
4982
7023
9219
6835
1392
6688
8871
7222
8144
8610
6453
6188
3773
3174
7273
3153
1902
428
4578
2359
2893
1813
1086
2265
6199
5801
957
1159
175
232
862
4534
7848
9200
4093
9054
145
2362
4312
6890
1457
4284
3561
2782
7557
905
3829
8709
3253
8245
1950
2948
4946
7928
2475
4973
308
7416
8325
2200
9574
634
1657
8379
9863
4956
8423
9760
7161
5335
1477
5674
5283
4243
4328
8413
7798
3697
1194
2818
6033
4667
202
3410
5993
6494
7286
5940
3212
261
8873
9194
1195
1942
1744
8831
7600
270
5702
8759
6819
6766
9072
6671
3193
4152
6935
2202
6683
1134
7066
6397
9979
7719
8528
9588
5340
1422
3766
4372
1027
506
9410
748
1391
925
6468
3815
9106
2102
7715
5519
5058
4815
3855
3952
8076
2717
1068
7818
8632
1964
8709
6828
1560
3206
8401
8747
8718
2064
9649
8921
6
3885
9500
5412
41
7055
9012
4281
5085
9489
9147
8711
6063
9783
3365
4729
9647
2706
1552
6960
4401
785
6910
7420
5934
7667
6959
8980
9850
9216
2297
2866
796
3138
5837
5158
106
9695
6728
3480
1178
5132
6399
2768
1297
5586
1491
6581
996
2592
5524
4229
5089
9936
2928
3327
8666
1351
8231
1437
1497
1853
2858
8607
856
5419
7843
3203
8073
6490
8104
1916
8021
1073
6153
4887
5307
4192
2982
3796
5777
5744
752
2792
8021
1611
8257
5196
8289
9264
6303
1958
3259
6591
3962
215
7132
5370
1487
9846
8091
2246
8332
1624
5335
8611
8184
4296
3585
9064
5063
546
9584
3841
4103
48
4172
4487
3906
6545
8107
872
9366
5345
775
5750
6591
1053
7582
353
395
7417
6323
3260
1512
4780
477
4732
499
8395
1744
1635
8112
4715
6973
9747
8922
3058
7640
6156
129
7643
8655
1510
2889
5253
89
6379
7298
9594
6668
3082
2551
6719
3507
3485
5945
3673
6316
2612
839
8475
5729
3205
2329
2449
1448
7801
1937
7106
8576
5304
7469
9332
4127
108
5275
4377
4765
4319
6189
753
1412
2469
8568
8979
7951
4502
1986
8105
8948
9219
2936
621
7515
313
8082
4172
924
6843
3837
9618
3659
8415
3328
8945
373
2567
6300
7999
4018
7445
4935
1949
6942
4641
2296
3201
739
2455
1366
9434
7698
249
6098
2876
5186
7756
9573
9452
8983
6723
1268
4885
2830
8408
5770
5976
679
3579
3672
7562
7842
9067
7354
7364
4829
400
2091
5321
4558
8991
1770
4263
7372
2740
4444
1187
6518
7512
95
5589
7421
168
6850
581
647
7023
1629
6813
1653
1995
5325
5888
2906
1991
82
1501
4665
449
2669
7408
2902
3460
6576
1490
9475
4908
2492
4402
7595
5805
6182
4338
532
6874
1497
3521
9487
2721
3772
6108
5124
9259
9609
8994
7448
8215
2606
1509
4523
3537
9180
590
2465
2491
9510
196
9347
5924
2152
86
8544
900
2519
5103
2913
4154
7359
5524
7118
1137
2655
2436
4781
2951
2077
2555
9675
9098
6571
2014
8419
9400
1033
1865
6469
3010
4527
1793
9087
5362
6565
693
5355
9160
5920
1010
2331
3729
4424
8193
3025
6733
8904
3394
2959
2202
2772
7310
8981
1305
6778
2201
2531
5017
2867
9981
6634
2459
9265
114
3914
1613
3381
2537
4943
4379
3992
7229
6752
6994
8291
3584
81
6022
5804
5424
3604
6106
8072
2059
4123
376
9546
1245
4716
9173
6756
8650
5996
8394
7825
2563
2542
1267
5940
7875
7757
5685
8816
1271
4675
3714
2920
5989
4668
4509
4301
9222
9388
3770
8588
6684
1803
3054
9624
362
8721
9053
7164
5425
4739
9482
430
2931
6650
9132
3971
4631
9692
7597
2222
2307
8927
3110
4871
2683
674
937
5421
6701
3829
2737
3651
4615
6276
4951
757
1305
4713
1024
757
1871
466
3746
101
2691
9031
7018
7142
1172
5007
8426
7583
3965
9084
1749
8554
4075
8597
3346
6402
3305
9801
1138
4539
7145
8901
4706
9761
4291
9341
6202
747
500
7764
1449
2121
575
6780
1705
9780
7485
5897
1390
8680
7137
7012
270
385
822
2203
2146
6015
5559
1323
1196
1607
6070
5177
939
7242
8950
2287
8700
2998
7048
3656
377
4982
5627
4195
9670
2744
9041
2742
9458
4161
6463
109
9245
3843
8163
5066
7472
6232
755
5391
948
2758
2014
500
2947
8952
9050
8843
5906
1735
5201
6248
7783
602
8586
5419
166
7205
9054
818
2357
8288
9130
538
6852
3278
4349
3487
579
8304
9753
2721
1765
5099
4836
7823
4466
5128
4594
6334
3303
6860
3286
3265
5674
4145
2466
4602
2388
5679
1517
8590
6333
7408
5398
1735
2515
3220
2376
7162
1834
8924
8732
7938
8476
6105
1488
4945
9710
7149
2117
524
5819
2261
4416
292
7765
5049
9405
4447
7404
4041
2890
7945
2859
9852
2168
8304
3724
2514
7802
4629
4921
4199
694
8153
8553
7708
8792
267
313
2308
3188
92
9353
9023
7876
24
8580
6996
5210
2537
2881
1421
7675
8935
2122
4077
2150
365
847
8464
9003
203
9415
301
7479
7451
5529
9531
8057
2900
648
3532
3181
7184
6884
3341
6547
7868
803
7509
1652
366
6341
1909
2110
7951
2365
5872
2292
5200
3860
345
3028
6455
6990
1194
9016
1880
9835
1822
4981
2521
4845
5376
1338
8893
6975
4372
1233
5406
556
7355
7954
8615
1804
4493
1441
2237
1302
1948
7325
6697
2628
9969
5529
9886
3641
4498
5204
2313
8450
6634
7133
5551
2300
3549
4729
8239
9060
3521
4096
2457
2617
9700
5772
7162
4216
8080
6979
5114
5479
7229
4769
1704
4287
3470
5165
8329
3335
3819
9578
6511
3089
6114
7989
6123
4685
9575
5702
7722
5080
5236
7856
2086
734
9792
8329
6117
6538
8407
9127
6623
5651
4240
9987
9478
1289
9176
9026
2834
7001
7838
7696
9010
1305
8022
4314
9614
9960
1627
1225
2199
2773
372
21
6054
7334
1201
3861
5483
5729
2291
1039
5601
9221
9826
8589
6929
7150
1142
1899
9410
3483
1218
6941
2163
3970
6291
6919
3127
2768
3749
3462
9612
1054
4208
3356
1726
4352
6037
4428
6029
6602
4907
5979
5049
9076
7309
570
3008
3973
1996
9788
3495
4189
4287
4205
4782
8383
3910
6627
6356
1870
291
3875
6500
9225
7045
5400
9891
1758
1484
3553
626
5128
1642
8415
1495
6582
8749
6784
7745
6847
6125
9996
631
3221
5844
8713
8140
3622
5785
6755
7834
7345
5877
2378
3374
7723
658
4604
6205
2470
7805
6280
6439
6612
6162
6865
7052
3326
94
9733
3668
7346
4766
8069
4259
8349
2449
4299
8920
495
7626
526
6338
7194
6184
2789
7592
3960
7292
1118
2206
2833
4867
4060
9944
6554
5625
7241
8377
8567
8531
367
4806
3606
4031
5969
9581
9867
2048
1635
6440
194
6772
2220
9127
6039
7057
7246
9329
2577
7052
6845
1018
5793
671
2398
9177
9101
1434
3173
3452
7486
3673
2394
3327
2572
7841
9346
2542
3996
9491
4777
4930
5975
8162
3141
8629
8318
665
2846
8324
2698
6836
2285
6583
1234
552
8916
1024
1429
5622
9235
8586
8070
2324
3492
1715
9063
1084
9427
6357
6673
3549
2318
773
4431
2411
1585
3754
1359
5589
203
3048
4293
1717
5813
6466
5477
8184
9526
7415
4119
8900
6248
2395
2951
8031
7448
3056
3303
2983
9977
4003
527
6110
4625
4257
4752
9197
6843
1393
1966
1355
4538
2145
1279
9011
6190
5849
2635
2298
4567
6096
4359
2994
6253
1299
7965
2696
1009
8063
7322
89
7022
881
3005
8722
8649
8372
1812
6980
332
9139
6563
7537
9054
1456
8335
4420
8405
7884
9727
2324
3
5980
8559
7174
4325
6452
429
2060
9029
1842
1630
2581
792
5974
2222
7945
4104
7858
1929
6569
3719
1834
1873
410
612
1457
3626
3018
4533
5806
5781
3132
2930
1134
7216
7071
9162
2356
2759
3695
8221
2650
7873
2180
3225
4597
8634
6262
5813
6769
6516
6280
1163
5825
5775
9800
6805
7363
9585
3046
5230
635
7922
7733
9969
1787
9074
9780
6396
927
7306
9449
8691
4679
1649
1785
7040
553
15
7369
71
5252
6698
5778
1847
5014
6439
8074
5849
6552
8332
1803
151
3918
5157
6736
9238
5177
7537
7001
5990
6192
6667
7460
6587
7288
6719
2349
2408
9130
9761
1906
429
4136
2746
9894
9228
1387
1758
2044
6789
9150
7977
90
3507
3178
2928
8201
4073
4695
2250
5356
2586
4284
2912
5210
969
7133
4786
9779
8768
795
9563
3748
1681
6649
4109
9804
2449
6764
4085
8006
9101
2783
5481
5047
8165
6384
5602
8111
6910
3125
7228
8469
1207
7538
2992
5199
601
117
573
236
8099
6423
6538
149
7256
9319
4838
2305
7149
2596
9540
3373
3613
2240
8322
8941
7183
1049
7181
9346
8929
1900
1217
6143
9229
8829
1337
1722
1571
1812
3481
9453
4790
7440
4339
1863
2633
7198
2255
8038
6379
3326
2111
5934
1029
9854
7535
5246
2011
4280
8089
6676
7880
2884
9929
9681
4137
5728
5227
5886
866
2014
647
2581
9948
9980
9781
156
8581
7218
925
8659
2274
7297
9215
685
3923
8579
2673
2078
4974
1739
8927
6415
9598
2856
1417
7978
2461
6272
9360
8270
9603
4392
5181
3569
9724
6322
383
5809
8116
1271
3508
9808
297
394
4413
3908
6337
8281
1279
5678
5101
8748
8025
170
3726
5445
943
2708
2978
8528
9413
3782
63
2272
8976
7177
6755
8339
1900
9658
5358
5331
3495
5515
9498
8987
3342
2350
6140
1197
3995
5468
976
7923
5259
3428
7714
4803
3429
7352
4
4230
4569
6880
6602
6412
699
5983
1860
5579
9245
5506
5432
1716
661
8098
5516
1252
9914
4012
4447
2314
262
9209
7774
5717
4344
6522
3516
4672
174
599
14
2723
2126
9062
4623
3268
148
9789
1706
6679
9015
5153
7747
6767
2817
4021
7002
6618
8645
6497
5342
4433
2417
1923
2746
2492
184
1821
7232
4644
5221
9617
3439
1725
1769
4210
3571
1890
2708
8284
7305
4323
7646
3527
5563
8209
7740
6965
6152
2030
6323
3150
6815
2405
9962
3143
257
3000
2537
9766
9254
7516
8544
3716
8734
4912
4123
878
4148
7420
5059
373
1435
8009
9093
7317
9330
1231
1389
5372
1560
4392
7742
3441
4826
4782
4179
9316
1271
1779
6146
2520
2847
3191
7168
5570
4128
3925
4613
9593
8994
5826
2982
7130
2667
8843
7580
5585
1521
7272
6858
5780
4585
8083
6854
7179
5399
5160
8083
4619
949
1220
9552
6214
3541
4703
8019
4920
6121
1065
6350
2161
7054
7903
2560
1845
6753
6070
6095
8898
4921
5753
5647
5679
7089
1299
6038
4749
4928
2684
1152
3776
6690
6880
9358
9465
9006
6131
4962
2828
6318
7845
9243
3334
6018
3160
34
796
4967
6008
8145
5987
9468
7419
2599
374
7923
8539
4564
8022
4247
4385
7342
3840
7756
4595
8408
8355
4646
6344
6148
3654
6290
657
2596
9405
5824
4029
3844
5730
7130
9702
1455
5852
5513
3981
6633
26
3932
7930
5972
9804
5514
9900
3099
5172
8593
6832
5968
9905
2036
3192
1985
3538
6164
7747
9514
6935
5222
3456
2134
3706
3975
1736
1021
2221
1062
7622
9821
8237
6358
4908
5358
1850
1430
8390
2755
8031
2519
5531
9153
23
1572
6559
1098
4240
6386
9236
6729
8386
9545
1740
4842
5693
8354
3910
1854
8149
5084
8648
7516
2208
1993
6934
6176
231
7578
2496
8466
8486
9287
500
5001
3763
168
7654
439
2326
8771
5500
3062
9706
1885
608
6864
1634
8386
6505
2993
6529
3726
9298
2535
5400
7589
8600
4170
1607
5220
6391
1819
5186
9637
7524
9811
5667
8448
9584
1653
5380
6971
6007
2662
651
8131
7323
6890
6726
7821
5008
2242
5676
1928
3715
6244
2035
9241
1413
1560
9404
9471
7054
1886
905
6377
9541
3782
8762
8957
5242
6395
3745
4608
2260
7554
2390
7314
6276
3048
9978
3990
465
4624
2588
143
6456
1993
6692
7540
5723
9853
3953
8263
401
7483
6436
1257
258
2596
4256
7490
5342
4284
6836
6383
9262
2898
8622
8194
2525
612
9275
162
6656
497
3644
3600
6618
7187
8987
6460
6693
4957
8651
6453
8074
9960
3029
1808
8445
3738
6811
698
3312
2742
4747
5369
9559
677
3234
5106
3704
902
8994
282
9725
8969
5686
5803
3404
6585
8734
2008
5119
4143
1552
762
2631
8382
181
1491
4175
4396
983
6304
7030
5171
7789
3072
3192
2493
5276
2775
4458
1321
2373
692
5373
5232
7344
2795
5
3124
4330
4914
3648
6875
8872
4775
9874
6853
2640
2931
5575
9503
6549
5283
3951
4040
7869
6113
1937
9727
7650
6758
3020
7992
8518
911
9247
6502
6442
8833
5073
9415
2522
9833
6930
9798
944
7366
8861
425
5694
6964
7697
9491
1945
3299
511
7294
175
9964
8898
3167
4502
1293
5972
2847
5777
6087
4856
6912
5107
5144
6785
5110
3698
2220
7599
4371
5162
8345
1076
9289
5537
4886
7766
5769
5551
9293
2232
8489
6608
5617
4043
2135
7398
5989
9564
1037
7542
6274
6426
4753
8835
1926
9609
3739
9782
4989
2079
8557
3292
9911
3870
5381
7276
8712
476
2392
4227
6556
6824
9694
8174
4181
810
8805
1338
3401
935
2782
1321
1331
6454
2437
9271
6066
875
7655
9518
9743
5041
8697
8366
5176
4173
1865
6094
3087
6770
1243
1764
7967
7465
3148
3494
188
9945
6773
1135
2406
7084
1194
9808
4237
4260
5254
1554
8451
9393
1416
2774
4886
19
3953
3601
1170
1981
4888
3376
4253
7407
6813
9708
5781
4220
2315
1747
1033
6382
242
2619
9793
7037
9906
9566
3930
8882
9683
8378
286
1569
3224
9044
7553
2218
9281
4735
4924
5113
3336
6835
7797
9220
252
9394
4946
696
7267
3699
8500
6657
781
4299
662
3285
785
1022
3975
6603
3571
412
9292
9678
3407
4991
2931
4500
3929
5615
3400
1996
1322
2933
3775
2358
6442
5273
5181
9626
6360
2441
4506
6181
6411
5726
8664
7051
4764
4967
1605
5816
3270
2592
9441
8903
5806
9055
3667
6389
8946
4933
4541
9484
4124
8317
9751
9625
5946
8574
3328
1681
8408
3439
6236
1036
3641
4886
2694
9778
904
6685
9227
2859
967
3342
9348
1551
3580
353
3035
7043
2303
3859
3138
2241
4175
3731
2070
9061
353
9747
4959
6129
3858
5476
5972
3957
5023
1513
2818
5346
8140
5834
6318
432
7052
6280
2599
685
4141
3571
677
7088
6916
4597
1596
9590
4491
2240
6451
1873
9204
1347
7763
4080
7558
8033
4704
7372
5387
8425
2295
914
5236
8535
7162
7844
2402
7052
4513
5729
1119
6659
5927
5560
2730
547
4714
4608
7056
4873
8361
2250
6477
559
3763
6411
1764
5882
7273
3493
2248
8396
6849
9372
8758
1837
4823
8711
929
4716
3233
8402
4934
5645
5212
6169
6881
7478
6295
6441
3427
2624
8517
673
1669
6942
1497
737
7183
3654
4259
217
7488
5636
9642
1209
2094
178
7507
767
544
6605
8324
1199
5960
8163
4050
265
4088
9563
9246
6103
7479
3364
3320
948
8842
697
1252
7194
8882
6114
2328
3005
2988
9753
6339
5852
731
2122
3854
9888
4162
7724
8419
7672
6574
8352
2670
2197
8645
3716
614
4066
400
2817
7896
3832
5731
6945
4220
5471
9464
6260
5561
8951
2720
9958
2589
7853
8977
3746
9506
2667
9255
6159
4322
135
1803
7093
2342
4207
9358
2717
5864
3544
8226
2546
7190
689
6165
245
5508
5040
5119
589
7938
8235
1359
5259
8953
6196
2624
6455
3015
8473
588
9719
7961
9182
1359
5496
1802
9353
341
4778
6388
9332
1884
9020
7713
9975
9421
9602
2941
3870
9019
2965
639
9072
1414
9349
1162
7518
480
1903
8271
1751
5174
7139
3793
7070
7678
6203
5439
2663
2393
5759
8659
805
8614
1831
1733
6231
740
6488
1857
3127
9
5958
8229
3965
4516
549
4169
3360
6942
3176
8520
1525
543
7691
8037
5150
9023
9326
1243
427
5267
2613
6085
5242
9434
4716
148
7500
7847
179
6845
1960
9451
1740
2010
8452
3547
4038
1104
2588
3764
644
441
7910
974
7690
266
381
1162
2941
3231
2547
552
3541
6176
3573
4668
9283
4116
7036
5735
6999
4741
2540
4068
4427
1890
7086
6930
406
364
9009
6374
6116
9939
7862
7789
914
6396
1325
2071
6968
5306
3238
4918
2510
355
3346
3891
2115
309
4081
853
9715
7191
2493
3556
8604
4243
8385
2235
5242
5149
2292
8532
4139
1152
9075
3596
8588
6177
9247
2947
4146
4235
9249
3159
3822
6968
1323
145
4897
4498
5115
6853
1102
6883
8785
3247
5030
2307
411
7771
5541
1191
7630
3615
6637
7079
9924
2046
2796
4686
1393
6905
8936
5594
586
3582
2122
7836
7078
8918
5260
6828
8381
8085
7879
7905
6303
3137
8708
1607
9533
8321
8041
6921
6586
8621
2082
586
3988
2204
4851
1297
4192
3189
342
2678
6261
1250
8863
604
5442
6988
8709
2240
6558
8086
8036
1191
9332
671
4938
9654
4970
8816
7981
3282
2258
2168
6562
6165
1558
2609
3806
529
2514
5822
3152
9590
3467
5155
8464
3442
4020
9637
3107
2521
5656
998
8633
5306
4991
9890
893
8375
117
8308
2816
6193
1293
7572
3071
3058
4362
4714
9704
4838
8512
3592
6441
9499
6734
9255
7571
7664
7491
4250
4308
5904
9442
3428
7181
6595
294
6178
8471
6744
7549
2362
4548
8648
6944
644
773
4604
279
4144
8227
1787
3664
7615
9224
2240
1007
6611
2801
6408
1801
114
4239
3679
2089
6886
9860
6072
5556
2395
1540
5562
5706
7501
3305
9480
7723
5323
7926
8282
6192
1503
3485
9906
8701
1061
248
7863
8770
8456
3630
6944
2218
1220
3751
5105
825
1679
523
8845
6432
9538
6477
790
3329
1917
8967
1220
6692
3794
133
4700
543
3735
3563
1140
2938
6916
1227
9150
8144
7235
5210
9111
4641
4941
7324
447
6961
7315
9074
7868
6248
5335
1356
7757
1632
2983
2657
5897
4156
7038
1062
899
6990
994
2682
2486
9395
9919
2200
7565
3600
6068
988
1439
6190
9570
8337
8268
8351
7332
7545
6408
5488
7517
1058
9482
841
1711
9770
5119
1363
6873
3906
3123
7287
4044
5195
8164
7075
8882
2301
993
8404
7668
1498
7170
2397
9372
6443
7936
4978
578
2712
5247
2329
5746
3753
6079
390
7520
9635
108
8209
3899
6238
4573
3015
240
1096
9179
9453
3946
6362
6199
6457
657
4974
5945
4248
6428
7485
2165
4480
7506
4194
4727
8246
5405
6575
2072
7550
6160
1270
1216
4410
3489
3949
273
4994
1026
2637
9004
1985
1484
7209
2793
4641
9315
898
3971
3585
2684
3942
2816
8360
415
7517
4699
7111
900
413
3728
7663
4701
9752
1030
194
2787
590
8586
6996
919
6791
9561
9808
4714
2638
4056
7556
8971
649
1193
9510
521
7640
4929
3622
2146
8538
9732
6377
2065
2324
248
7668
2431
9134
5518
6814
2491
3814
4977
6096
2619
3044
9230
7564
5218
3764
4712
7524
4239
7195
2000
656
2768
9120
2304
1526
4736
3604
3986
3388
3496
2181
4940
2681
5797
7357
1297
2086
5173
4809
3586
1990
8118
41
7939
3998
3340
7650
4154
342
744
7110
7113
9513
2549
9873
8186
6547
3900
1494
7946
4528
1968
8167
8989
9218
6597
1474
4577
3726
9956
4338
6804
6753
1140
996
5412
8919
1060
4769
7348
1478
6856
7797
3923
6517
7322
6902
1695
120
4194
7749
194
574
6162
131
3925
5330
7824
5369
6242
4932
678
495
4608
2158
9211
3810
7815
7374
7753
1741
649
8324
4990
5096
4425
7045
9160
7798
3656
9919
1607
2021
248
795
2911
2067
9919
197
1729
2999
4402
742
4265
8970
2866
5158
3480
7476
62
5703
250
4408
7712
9695
9491
4912
8125
6603
553
6750
9915
9796
3672
6650
4065
4595
2429
1457
7015
1596
3370
1956
9435
7769
6687
3308
353
3080
7911
2161
2332
7685
7415
3903
6660
2721
9180
5440
2707
6285
3582
4712
4390
6527
7760
9485
598
929
8292
2226
6388
9051
4164
4593
345
1781
6748
8940
2768
9993
9827
8493
4653
3838
5852
7700
8540
6018
7740
5187
7420
6956
5580
966
7225
1234
8889
8095
6739
441
4558
1788
9156
4845
4658
2168
5208
3253
8659
6185
5681
7648
630
7617
2391
4980
2710
1018
5343
7057
4481
1119
1794
1785
842
7565
7443
1629
7479
6061
3434
2510
7719
388
3013
4739
6010
2623
5260
3799
8816
8775
1744
7764
278
1847
9957
4337
351
6386
3077
6767
219
2587
7310
9969
5501
5671
6282
688
3791
8800
4344
7781
4789
1207
1793
672
5904
8298
9175
8934
7286
6364
9307
2776
8337
5513
8047
1032
1934
3973
9783
5055
1988
6745
2661
6531
597
5708
6159
5907
9423
1834
5944
8232
1175
4111
4287
6085
5759
7050
4699
3633
946
6992
2836
6297
9250
5188
6823
3027
943
1494
9189
6639
1223
7607
401
1570
4960
8295
8389
3281
590
4494
5599
4676
6954
6440
4554
6738
9653
8997
6908
8363
6249
1093
9220
8313
5619
9585
3263
3011
5682
3168
8061
4915
8310
7460
147
446
6105
1683
1049
3180
293
7928
3979
6428
4503
4511
3086
3733
4769
2118
3629
1944
885
9970
2807
2303
4113
5111
4754
8376
5229
9107
9698
9943
7643
4863
2976
917
1244
8633
7595
4756
2315
6882
1450
1421
9927
847
3524
6126
1433
2656
3743
1922
4506
1290
5779
7716
2583
1712
8591
6146
7817
4987
6002
5497
7462
7685
3622
8203
9964
1337
9626
2493
9755
9895
3831
3845
5380
8408
9916
76
9100
6375
7033
6742
3971
3740
4937
6127
4432
8930
1176
8850
5841
4499
6671
1157
7971
8032
8432
2112
309
7034
4875
9466
5554
6919
1543
6988
7300
4730
3959
8965
7833
1428
5018
3006
1122
1293
1012
9514
2842
2887
4182
8369
2214
3275
1217
8372
4140
9451
9903
951
882
7429
2139
8939
7430
1609
5075
7056
7283
8783
8628
9215
9996
4463
6624
1867
7364
9903
6152
9002
6780
2270
2742
3747
7603
3613
6290
2608
7170
6939
4996
8142
2759
8583
5782
421
8780
2698
3323
1352
7815
7774
9882
4813
9094
7560
2655
9910
3309
3420
487
6886
4915
1262
2678
7946
4224
9445
2915
9592
7786
1537
6393
4390
4597
4270
4052
8972
1342
259
7314
4016
9684
7008
9912
9779
4033
8124
8808
6140
6303
2676
9313
1850
6603
481
8602
496
6293
5569
6672
7339
2266
8658
8485
5052
4288
2739
5475
4929
4557
8557
5407
2117
5319
6783
2502
1277
534
7254
9723
2403
4034
2528
9335
4419
3058
6242
4016
2253
4664
221
7363
1797
605
7200
9011
9722
159
4603
3090
5230
5176
5422
9592
9330
548
4844
3848
5079
4026
5984
3866
5390
1928
1575
8729
6242
7722
8101
434
6866
8581
4683
4683
3717
8745
7631
525
9831
3755
7610
1034
1568
4521
9880
2290
6514
9005
3583
5063
206
7182
6835
3683
6908
6687
815
989
1746
5542
3279
2075
3809
2991
5785
3093
8034
51
740
7649
1722
9750
4901
6003
7613
2349
3509
7862
5412
1176
722
7530
373
6523
3294
9186
9992
9106
9367
5651
1483
5024
8110
6247
8152
9654
1614
3457
6781
6153
2941
3323
7791
1843
1669
6616
1346
4084
8531
5251
4058
2242
8295
9412
5264
8680
7881
2031
7470
3237
3092
1645
5632
7531
2021
3109
2727
5408
4868
4021
544
8690
9084
9671
5263
5689
5936
3553
3391
8802
4681
1913
834
1095
4021
4045
1944
5361
8849
5338
2489
1787
9575
104
8211
9258
2436
5677
306
4297
8837
8785
3112
7769
8107
4555
2076
9467
7674
8237
7063
9382
10000
450
1682
5724
3293
39
8751
2611
3973
1216
5504
564
480
72
8224
8120
9305
131
9516
1220
3147
2463
7920
5935
9098
3467
9061
8686
2288
3361
8718
9485
5266
528
4427
8853
3932
7847
4217
5899
9096
9639
2411
4040
9718
9592
9058
276
2911
3124
7959
815
7342
2695
1598
7219
9066
797
3650
3130
415
4448
1712
8115
1705
5009
7379
7271
393
2354
6217
6383
752
3236
8157
7314
4909
1229
3464
1906
1496
7130
1156
8231
6640
907
6856
9791
5538
8320
6173
9999
480
2527
4625
6319
2968
5686
8058
8930
3755
9156
3992
8329
3516
4942
3275
2730
2002
7721
2490
9847
2089
2710
9819
6372
7737
7292
395
6004
3655
5574
4700
3575
1342
9689
9382
8463
9721
1464
6364
1916
7545
63
7202
5038
706
4571
3434
8972
1101
2937
7760
787
1621
1307
400
5449
433
3235
2971
3982
4277
1096
2484
6945
9398
9714
4374
2997
7062
3652
1941
8547
8697
4425
4309
9988
4675
6382
4900
7102
454
9754
8192
3240
1566
6313
815
1252
6503
9769
8973
6791
5432
7146
616
9855
8888
1904
1573
8260
3578
3964
9922
216
4461
3152
8666
4480
1367
7365
9115
8625
3094
7984
4012
5567
2528
430
135
7933
4665
9798
6719
5955
4463
5865
4405
1554
4433
8400
6309
9436
5800
9589
6123
3008
5643
9292
6560
5441
2212
8919
8363
8510
4478
2154
5459
9538
5029
3336
7075
8740
527
1259
9782
8163
1444
1053
4439
8106
3759
4385
3866
8016
5810
5512
41
8561
9497
5320
4692
6705
4101
1602
372
8003
512
1483
8350
868
5621
3721
8083
1673
2683
5206
2776
9812
7692
6014
203
5832
9325
3348
8196
4854
8824
7631
3997
6335
469
2518
9964
6813
4449
9601
8687
3894
9445
9580
9209
4332
1798
5757
9243
7870
548
6389
979
4779
6131
8987
623
3343
9937
9033
4243
645
141
8486
7433
4093
5763
1822
2200
1636
1301
9574
4955
1446
5317
6646
9377
5998
2101
2534
9905
8959
8561
6575
9960
7706
715
7131
9427
4944
3189
5433
7213
4524
4065
1941
8412
1743
3213
6586
9667
1932
1075
8146
8339
2027
1174
4002
2879
4757
1089
8590
7852
4689
5003
9812
3868
203
6971
2568
4301
3164
8142
9444
3801
6180
8772
3841
9788
6018
3147
4577
892
343
8213
2224
7844
9474
4909
3884
4297
5476
5855
7586
4818
2504
5276
3235
4099
4021
4199
9955
1095
6108
6952
6163
7666
1503
6261
513
5245
5827
5830
8586
3491
9837
4034
3337
5368
9060
2013
8743
1963
6826
8295
8406
9493
5210
2482
4958
6967
453
7648
1540
7854
8516
4989
7293
7115
7005
3657
3466
4092
3841
6471
153
5205
1962
3586
9930
487
2158
4441
5927
3005
9798
7668
4718
9232
751
8830
1430
4883
251
5356
8706
4647
5831
4426
9188
767
1881
1282
8109
4351
835
6282
3615
3355
698
3113
4391
1454
8795
2147
6573
6307
8350
2487
8833
3038
4954
235
2498
3852
131
6670
8917
3330
9949
8738
2620
6879
2479
7528
3036
2874
3723
3189
8862
9166
319
8035
3415
2740
135
3082
7663
8184
3132
2192
8135
5524
675
9691
3401
7820
5328
2635
4930
1912
8975
8618
5097
6590
7778
725
2929
4525
7329
4496
7117
1500
1707
5111
8159
9682
4066
3482
4977
6426
194
3839
9088
3263
6791
2463
1473
8208
7463
4720
2028
3899
3539
9986
9
3051
6247
4596
8485
4692
2339
34
1969
6705
4576
6526
5013
3936
5658
470
5661
9107
5799
9699
6713
7105
6333
32
3330
5813
1351
4053
2760
9266
5223
3229
2442
8534
1135
5596
9122
8835
7540
3726
7221
2601
1529
9611
5835
4990
6535
9168
9681
9855
23
1622
6124
6191
5165
6214
5746
1362
3188
6612
6857
3448
8716
5906
7548
4004
1112
4534
8617
6710
1622
8851
3621
8337
6024
4683
1281
8855
2879
8273
7603
7148
9677
9022
6529
3956
1104
7242
3306
6926
6745
5559
616
4908
6472
800
7279
4777
2152
4904
8736
270
1403
7507
975
8806
8924
5515
8607
5934
3974
9762
19
3562
9725
7675
6760
5964
3219
5486
5592
5081
8652
3235
7982
4971
1376
2507
9359
9413
5324
2967
1974
7604
4329
3884
2084
3366
4978
6064
5435
5858
8985
7791
9648
5028
1555
5528
7161
9656
2822
9329
9951
1583
1800
3859
7122
5526
7671
6557
9126
1281
7143
1814
7643
8999
6723
5750
108
4665
7943
2138
7440
1753
8725
2790
9387
6102
3060
3407
2937
3719
3806
5437
6495
5617
4714
8694
438
2936
6417
7848
9654
3625
316
8685
2611
3325
4178
8475
3525
7357
257
4724
7968
7564
5513
7975
2072
7342
9975
2532
348
1357
4961
9199
2514
8794
2953
1734
3698
3432
5444
8593
9281
3671
3105
296
468
8443
8078
7841
1723
8171
9890
1415
3307
1760
174
8821
5240
5808
8293
8281
842
8114
1877
8127
2990
7306
1846
760
1792
7804
562
8980
8242
9974
1178
953
7662
6591
1017
5140
4366
4320
6929
9148
4797
4895
8454
8024
3564
1149
8244
7316
380
22
6901
7255
5704
4877
4356
6666
2624
4134
5798
2598
5678
5955
2721
2052
2860
9769
4459
4802
8701
7611
5120
9324
1803
780
5481
8698
6240
2587
4116
3238
4894
4834
9671
3699
4415
3867
9468
845
6879
7277
549
8140
5626
1304
9113
3852
4138
9437
3593
8286
819
4785
8739
5981
3867
9490
643
7086
6626
1071
3071
6803
4595
1607
2475
571
5491
4083
4581
2980
469
3195
4549
4671
7521
6483
1429
716
5760
5548
2031
9052
318
3578
1871
8874
390
440
4307
5137
4090
6727
4474
288
781
9822
6104
7093
8537
9928
4272
7680
5037
5387
907
9755
1609
9359
6285
1011
5722
5833
2529
7682
8286
237
6808
6556
8718
6976
8285
1334
4985
2977
6517
124
2599
6077
1496
2309
1761
1098
5414
1700
8590
6832
1640
5667
2417
4453
2051
9600
7385
133
6697
3416
4448
379
9965
1556
3449
6826
5501
8356
5429
6346
6996
4136
7702
4399
8932
3132
6999
307
6823
9720
4256
2715
5673
6275
1679
4787
7838
9130
5943
8277
1911
8148
3509
7260
4579
1564
1766
8998
4697
7690
3189
4647
4302
3196
2077
8272
9353
2838
6186
8277
2839
2458
3529
7739
8080
2107
8423
279
1689
2174
7712
7077
4228
5368
7411
4537
1724
6804
3709
7223
7850
818
3363
8904
3218
5728
2097
9888
4159
3992
5116
4464
9759
9856
349
1521
6729
3063
8732
4524
8545
3965
6820
6426
7782
5954
6023
9518
5801
582
3978
2990
5880
8277
7300
1150
8498
5301
120
8989
1243
3950
2756
8784
6528
1123
9758
8477
5037
2848
2745
6076
4196
1584
872
9948
2217
6919
9429
9026
6636
467
4687
7081
6943
6927
8623
9800
6563
5616
2342
2391
1222
1034
3061
4025
5196
944
6529
8867
7989
4872
1467
7875
8314
9747
8563
2464
9558
7056
8914
4315
722
1709
1574
2651
2638
6559
4261
6606
7914
7775
9952
50
5179
1084
386
1619
1271
3128
8370
9175
6001
8353
7231
4854
260
548
9520
4763
9914
7878
8973
7919
6887
6021
816
5010
5487
4241
9256
2643
2915
9974
7833
9422
7957
6598
5971
3347
4203
8505
7758
6830
5855
9745
3138
578
3757
5615
6297
9229
9619
2828
2113
1516
9388
40
554
850
6578
150
6735
7085
6815
8702
8492
191
271
257
4648
1671
3376
2524
3456
3645
6583
3223
1787
2513
5624
7282
6589
1179
7911
3894
9497
3107
6865
831
2495
7509
5192
5818
1571
5176
3311
1540
9015
2608
7876
8365
5517
2856
3310
7890
2614
5196
1723
9027
9860
6552
8258
6705
240
8643
5224
1812
3792
6433
2165
2217
5546
8619
2935
5595
6165
1531
7800
3765
7396
3700
2584
2596
4404
3968
4937
6877
8328
7656
2214
8335
5212
4920
3413
173
6473
6683
5588
2424
3455
9693
5256
5206
2375
3449
7202
7089
5192
1353
4020
8936
6494
6525
4465
1391
3263
5331
3299
6521
4767
8704
6053
8912
1190
2829
2775
9949
8847
277
5376
8230
5984
3194
4079
9246
9256
656
5828
9622
2723
3069
8421
4400
4368
7187
6337
529
3899
5884
7896
7589
9255
3355
3147
9140
7461
6323
1331
2100
1256
3785
1628
4618
8195
183
4743
8740
6631
7653
8379
4667
866
4820
5197
8940
4994
4643
1278
335
2720
1837
6654
7222
6464
1173
4154
8122
5003
9537
4011
973
6035
5225
5974
7943
2608
2557
960
6761
254
8862
4948
2323
3693
1242
2964
2289
908
4101
7682
3521
685
2808
7869
5605
5589
6869
773
1370
9307
4799
5469
5254
1193
6664
7141
6109
7025
6420
1205
619
4068
1123
239
6005
3022
8292
6722
4509
5116
4796
8218
6007
6272
9937
8641
2395
8478
8620
7039
1753
7805
3969
2007
6586
695
9919
9288
5416
9727
8108
5621
9033
3417
2459
3547
4572
6286
8082
7320
6657
6002
7870
1075
3204
3775
6125
8840
5269
5628
2605
7295
2868
7818
3810
8984
6490
5714
730
738
4991
2778
2544
2108
8930
1920
307
7148
971
3306
1222
8488
2856
1246
5714
867
160
4192
7219
731
7758
3081
1575
6857
8350
4317
6339
6532
8409
1139
4302
1355
1951
7834
1781
7974
4931
3670
8240
5817
9391
8641
5960
3541
4187
5682
4249
2370
9137
3841
9431
9766
6903
8490
4486
4336
1063
4094
7848
2396
7932
9067
3454
219
1056
6570
7123
5866
7437
3182
6728
171
6072
66
9054
6672
158
3812
7449
594
4300
5003
2221
2976
2128
4472
2636
8109
8213
4809
734
4677
2359
7155
9879
4269
9257
5930
9364
5371
3865
7670
1385
3797
3724
4939
421
4505
548
3970
8745
1351
8568
4206
8457
214
1616
3667
3236
1675
5289
9286
5884
327
7953
2251
109
4278
206
9256
7176
8747
3280
2571
9360
724
1335
7509
1227
70
2462
1816
2707
5485
5762
9972
4900
9704
7345
1164
8213
4123
3126
7247
35
8533
3273
4828
7515
4356
3969
3743
9708
7111
2606
8017
2174
8535
716
7762
6919
9999
5433
9055
2680
1505
436
739
5581
5119
6535
3604
6228
4967
538
201
160
4798
4901
739
1836
9597
9858
740
4739
8686
2341
394
1967
6630
1145
392
3360
4619
4830
3040
3131
6137
9662
5077
6344
505
2557
6061
2252
4373
156
7578
156
1449
6399
8543
8876
9366
3615
5564
2776
5927
8487
369
2616
8651
6367
7279
9963
9569
3441
9624
382
4426
896
6208
5937
4289
5257
8131
4677
5487
9774
3090
5496
6512
5953
3923
7993
8146
3863
5075
8124
5599
7166
2840
5626
4140
998
9716
2778
593
399
5995
7875
4108
2345
3585
9892
3888
7805
9633
2746
1333
5074
7196
6566
5432
7586
1752
3680
9534
1953
5353
4832
9541
6423
8630
2907
9440
5219
6223
8351
6919
8095
8803
6652
8349
5921
1160
9634
8439
511
8901
3688
6782
3717
5777
2756
8326
8992
6921
9409
586
5996
1646
8698
547
4348
5612
5725
5218
8333
2824
3185
5418
6557
8962
4009
5758
1918
525
1534
5355
6978
5582
5986
8838
4416
502
8676
5010
9322
2250
6535
7873
7102
1165
8490
7610
4970
9814
1325
7953
8843
1747
9514
2426
4501
8397
8808
6943
1075
5857
418
6187
3564
7326
5365
6544
1596
7319
3526
7462
3135
5555
8418
5228
8779
4204
3466
1256
6627
7336
4206
8210
8286
9598
5369
8065
2429
2694
7889
1646
6159
1986
4838
3941
3280
2755
4438
9195
1349
1179
3632
8078
5513
5346
4400
5868
4324
6734
5855
8407
2516
8045
5599
8767
919
796
3287
6134
9025
6885
9189
3274
6570
7249
105
886
9349
5937
9092
5955
4476
3855
9029
4766
7968
2710
9383
3716
8718
6291
1020
5996
7904
1545
6211
457
1411
9110
289
4729
438
6055
7962
3199
6552
2039
9158
5033
1425
1943
369
1235
4087
8096
2130
4877
9777
3264
5551
1750
6601
8418
3309
5545
4596
7845
5741
7288
2170
2499
3559
8088
3837
5523
649
5527
1709
5242
3089
7693
2365
4848
9132
1213
6644
8022
4439
939
7998
732
9422
4216
1979
3047
4858
4698
9656
8660
4900
6904
9636
4541
4078
3554
4585
4752
9905
594
7211
5896
8145
8585
9531
66
2061
6929
3474
5113
9604
9306
4511
3224
8454
1982
1368
5302
6265
3514
1526
6144
9782
2617
4629
643
4170
756
8870
2573
8742
2444
5083
9396
209
8791
1497
7112
9504
552
5920
1744
5380
8638
1831
8625
1378
3976
4953
3842
9027
4833
5756
5328
5553
1389
6081
5044
2938
8948
2594
2412
3120
4514
8011
9490
7090
2418
7826
190
9937
2720
6594
2671
8193
8474
628
1101
9347
5662
7966
1856
9553
6258
3821
2973
978
1937
7202
6894
156
8651
6810
924
2347
8410
8122
6633
2376
3405
1814
4560
4794
8243
4696
2641
4232
7826
510
3795
2857
2660
7750
4789
7450
9642
6669
4898
4321
6872
5735
8941
8022
3673
1146
1129
4334
5530
5374
3291
3584
7199
1995
4113
9148
1759
4028
5104
1175
9922
9203
3645
2728
2700
1682
9888
5289
7257
2438
2353
9934
7642
4182
2760
4458
3008
4827
6143
9309
7136
213
8478
8807
3965
5832
6606
7817
6365
6811
7197
6807
6363
8040
9912
9613
7817
3446
6211
2781
6756
8243
8126
3510
4632
1738
7888
3900
6447
3140
9810
590
1782
34
2079
6074
6986
8604
4729
2653
6570
3035
5238
4085
9232
7807
4337
9900
3676
2956
4891
2765
3398
3517
6280
8749
3808
3502
8265
3645
6934
8160
8270
9845
9733
1069
9679
5987
2172
8219
4084
330
5615
3114
8373
2175
6891
5582
7810
607
7188
4489
6758
6673
8148
4303
1820
9152
964
264
656
8994
2721
1852
4452
5983
3702
9613
2003
422
4462
1920
4796
2542
5314
3498
2922
7912
1464
2538
5333
6067
5182
7538
415
9084
6766
2360
1942
3527
9085
8185
7990
6415
3221
2022
9027
4039
6575
1841
3828
2510
9739
9920
6241
2100
9360
6954
5542
7922
1300
1010
7734
1484
1034
4023
9782
5829
4264
5462
293
3931
8757
6989
4582
1030
2931
9814
7762
6560
8164
2328
7467
5477
2395
548
1140
3335
6163
6826
8173
7514
2048
8495
9149
5542
9939
4019
6570
157
6852
5683
3789
7279
9406
2608
3068
6260
2610
2910
9262
9232
3518
3188
9434
3008
3986
245
5875
7339
8793
2120
7980
6303
2790
926
2890
7574
2870
1188
9397
4664
2736
9228
1654
2088
2530
1742
3550
221
7628
3652
6145
5638
5337
3906
5376
8994
3011
949
6369
7579
8953
6789
1639
4556
1445
2184
1546
939
3743
9405
4161
9407
4378
460
2998
7278
1008
9613
411
7842
8540
8821
7993
89
2852
8647
9949
4957
3474
4268
8327
4805
1303
8630
2753
6142
6407
2729
8610
4326
7047
6223
1342
7466
5242
9697
206
8706
1648
5010
9872
9721
8392
9944
3089
1367
4079
9696
4090
5398
8664
5377
7579
6151
1438
7692
3587
4831
6630
174
6000
6051
4
6486
7255
2915
1680
54
3886
2705
956
3008
3307
2132
428
2643
6831
3803
5983
7000
5028
1553
7336
2671
9143
6616
9373
5217
7537
479
1118
8846
8136
5233
5626
9830
1685
8269
3553
6633
7531
3249
7268
7239
1224
7989
2982
1777
3723
3891
3233
9887
7106
6196
9875
4959
7988
1700
786
4580
6687
4391
8779
6681
4577
2387
8305
7078
382
2184
3383
5447
2603
3995
8501
809
7319
9041
3094
7475
5287
1035
4010
9518
9334
5515
1851
3438
9063
5152
2478
3648
4483
1598
7402
5948
4001
5643
7461
6583
7627
8478
79
3807
5688
9761
479
9185
2342
1320
6186
9690
3212
4872
3166
7405
3899
6119
7450
2445
9420
3590
9847
6146
6880
3498
6120
1520
9503
9870
2817
6017
1112
4785
9724
673
5238
3102
7496
8512
7388
7445
2841
7220
4811
3706
4741
6766
2065
9057
942
8377
7221
8528
7361
3286
1189
7757
8595
1725
7358
8163
9666
9624
7432
8598
9161
6117
322
4656
9710
1205
9998
3911
7923
3590
8487
3879
8984
7390
9465
2732
6833
6495
9969
255
5684
4303
3608
6620
3034
7636
857
5674
6319
8676
2542
6497
8783
3052
5197
7158
3544
693
5317
3639
5838
3937
9258
8915
8078
7623
5913
272
6328
1171
2536
898
2900
8268
6715
1429
186
4491
2967
7482
5941
8420
3467
6025
5828
8717
9559
4441
2232
2829
5592
4091
7387
8685
4612
5238
4980
9864
8950
9657
4111
8375
2015
8408
6101
435
9090
4804
9765
2307
7901
7344
4606
5865
8866
3229
6016
9081
749
3990
94
3589
6539
5195
6340
4951
2544
3335
376
9286
297
9835
7514
2707
7554
4359
2650
7488
1357
7900
5661
1307
8203
9966
3533
9536
2883
8534
5555
4770
34
7415
4697
4762
6364
8549
8388
211
9027
304
3888
4578
8928
8641
9778
9065
6971
91
8896
6922
3025
334
6685
8918
3433
6767
8897
6931
6977
7734
7675
8204
4847
8544
8686
7396
9651
4598
3154
3696
1624
1436
7448
936
4103
1559
398
7549
5666
5930
1087
735
8850
5202
5638
1649
1177
6147
5242
7471
9626
1112
9441
298
9008
15
3881
1972
1078
3006
4085
376
3720
2646
5806
4533
51
4378
5456
5350
8414
3369
8533
4372
6487
8247
7884
4548
4710
6201
7200
8917
6404
5933
6677
3660
8590
1775
5650
5053
4711
3640
1154
9985
7577
3117
9598
741
3452
9072
2389
3127
1612
496
2500
1650
3712
2589
4919
1160
4319
6685
4057
3265
8387
4896
3338
2812
2527
6320
4748
900
3270
8103
3203
9184
514
6405
7737
5207
6310
3304
941
4512
669
6800
8198
4940
5586
2706
1574
3098
689
5602
6037
9150
3714
7514
3633
1317
497
8951
7476
9761
3254
8500
3172
6800
6471
575
2943
9940
4911
9753
9636
4108
7749
6827
4074
3306
1993
6480
3659
2663
9457
819
8657
3841
3234
3786
922
354
6827
1329
738
7277
5859
2833
2550
6743
7654
1017
9113
5003
9241
6954
2097
4076
7681
1783
1241
3103
9719
2979
3176
7470
3206
634
3759
9303
4419
1951
6828
761
4931
1988
166
1139
1125
5219
3199
5730
8901
9031
498
7644
8713
9231
1735
7294
6837
9134
1411
4165
377
7087
7035
951
6267
2130
7063
5085
3208
2134
7062
2537
1102
344
3324
732
1156
3428
6367
3548
5460
3031
6069
6869
4508
7734
9604
2894
6411
9160
8394
2595
856
251
363
7487
6256
5168
2694
4540
8316
343
3957
8415
2784
2041
738
6180
2826
9629
3714
3057
1757
4404
6239
5035
636
4843
5491
7408
5439
5087
615
1127
8698
6215
8624
1012
8113
842
8490
5028
7816
7945
7297
3499
5445
6856
4504
5635
7845
800
5534
4970
142
9995
2435
5524
2217
4861
9244
4938
9117
784
5916
5602
1167
8072
1577
9097
9362
5112
8597
1049
3373
3268
6420
5431
7648
7763
6837
1839
8915
9636
6221
8337
5066
1983
5745
298
5410
2520
3995
8640
5397
2177
6931
631
8298
1463
3776
9824
9649
6616
5683
7564
578
1594
2918
7825
4799
1810
4800
4668
2603
4658
6101
4263
6164
4018
6524
6970
6937
7468
7439
715
9864
4799
9700
6180
2931
6555
5072
1667
9543
8826
2811
133
2723
6943
8852
97
1893
4477
1430
5691
4397
7716
2132
7826
7707
6475
4633
7209
954
6624
1010
9698
8548
8962
3111
9738
2220
9107
1040
3335
8439
7381
2835
9229
9396
8611
8819
2465
2221
5014
3954
3194
8109
9772
1936
9370
8639
5654
4496
5711
7677
2956
1747
2655
7231
2001
9085
1612
9198
2633
6010
4068
5572
5741
250
7468
3953
8564
1335
7163
5851
6988
6934
3618
427
3889
2411
9373
1509
9953
3779
2811
424
7970
7091
5877
7882
9876
9126
4305
3256
7852
4910
6371
5606
3739
2897
5754
7483
5887
9046
4523
6867
4345
5066
6732
6180
2853
7154
6554
8049
7212
5910
1970
6844
1864
72
4257
5117
8747
9027
8556
4145
3167
1201
1304
1595
7198
884
5100
943
7942
3016
8192
2685
2515
8528
9381
916
8553
4045
6891
7011
2710
6909
9868
5979
1277
4366
5412
4726
4460
7500
1064
5825
9645
3989
4876
8286
5668
4285
6278
8046
7218
362
6879
2360
2983
4262
7300
5604
9830
8125
2906
8471
2937
5080
499
5813
9013
7585
9430
9451
3338
2418
8326
7632
1634
7474
5128
8813
8425
4816
5080
2736
3728
5341
7474
7434
3624
6624
2057
3291
2552
3701
579
8151
6958
4692
9875
8112
7076
6016
3722
650
6241
7949
7553
7026
7246
7672
5174
146
1177
9641
138
7719
2479
9448
2076
8879
3089
6181
8689
2316
2781
5286
2307
917
170
9405
2401
9274
5023
5441
6853
825
4026
2152
1973
4632
5332
5447
9128
2395
3244
9327
1895
3222
5117
2695
6710
4670
3113
5598
3607
6379
4466
6100
866
2715
7773
3197
9531
5719
9500
5814
9207
3734
5324
1441
931
7887
3479
6289
3152
4045
5787
1311
6739
9206
355
3683
8106
822
8908
3183
9297
2596
1441
9918
708
1056
5497
7720
3650
1778
2601
2130
7138
5851
7017
3630
4204
772
4741
4082
8662
1826
2202
4680
482
2339
7498
2642
6643
5925
198
4726
6028
5591
1607
6453
2857
4676
3245
2628
4871
1120
9074
1524
4643
5059
4451
2592
6239
8450
7815
1606
6911
3985
9891
7016
475
9895
29
4503
6001
5438
7309
6761
8414
2644
8738
8828
9749
9095
3650
4173
4764
4970
6388
5352
3085
7947
5682
9182
1541
7230
9920
5352
4139
2486
7534
6226
8095
7757
8638
3110
8455
2677
5557
329
1186
7157
9638
2690
1266
3413
3910
5523
4339
8025
5327
6301
4208
5187
8535
8529
9565
678
197
4878
3879
5518
6422
570
6269
8457
6953
8192
1176
9280
8690
7167
6782
3601
9559
2414
5121
3878
4997
9753
2409
7607
4889
5564
5001
9037
4500
6246
2655
1276
3633
8732
8582
9140
4070
2728
5513
7382
6176
5372
892
3729
4045
2928
4226
948
8369
9979
1202
5947
9163
9323
2600
4905
3307
8514
2298
6311
8302
8492
1176
5843
2756
1478
4027
1754
2232
8531
759
1336
5679
9780
5293
195
7111
1755
1432
2444
4708
8764
6692
8072
6744
8601
8914
5976
9724
1413
4657
3190
9723
8991
7111
6355
512
1705
9750
5011
6582
3242
8245
1612
7494
9939
6589
7039
5620
4849
1778
793
5185
5623
7455
8427
9095
7882
6440
1037
1594
4091
4639
7491
2383
8635
9542
9208
8727
3288
4573
3472
194
7235
183
9165
5559
7852
7365
5530
7372
6470
4206
7490
5763
7556
5076
463
2124
9698
486
1691
6085
5107
9163
6667
6467
7293
8681
4621
9647
2607
1526
1523
309
3951
4287
697
514
4063
486
9946
2264
2528
6134
9031
2654
459
1048
6749
6673
9780
2459
645
3319
7429
1665
6216
6704
1602
3076
8197
3140
682
9070
3972
6598
6611
8010
6424
960
5611
6689
1586
9553
7413
6738
4116
4006
3952
4393
8420
8376
9610
5365
174
4784
1034
9792
2561
700
8626
3029
3386
2096
5869
799
8855
4893
6875
2220
922
7078
301
5405
7588
2626
6835
4958
1894