666
715
540
563
253
133
292
909
927
118
675
814
60
176
223
434
862
427
807
489
337
824
185
599
786
139
850
346
178
872
679
45
384
620
259
494
683
765
733
276
383
937
438
730
426
186
910
5
509
478
472
262
953
336
477
253
837
158
783
65
980
257
499
183
536
468
901
236
174
255
890
713
436
60
118
30
726
408
32
93
663
750
549
762
271
994
257
217
99
570
784
200
960
652
220
804
674
143
383
545
330
389
238
423
550
182
705
438
771
628
468
728
908
726
519
92
24
485
192
172
117
188
325
222
579
922
882
642
809
269
204
196
60
698
848
823
732
533
550
1
158
867
92
447
64
459
451
665
108
323
993
828
146
201
30
105
838
672
208
95
920
221
698
836
727
648
782
370
526
810
224
471
411
463
216
730
44
974
778
476
390
718
448
948
915
844
233
962
448
182
269
646
397
151
467
11
428
278
497
609
576
536
548
464
128
849
452
191
914
548
422
209
758
433
419
330
459
841
162
311
766
281
107
533
526
384
38
3
333
773
113
438
804
90
745
141
515
526
174
881
310
533
668
733
439
482
637
809
302
955
252
257
779
180
904
716
618
438
196
460
780
323
933
26
652
6
163
516
608
907
44
777
322
273
86
651
267
154
717
105
750
177
167
383
928
735
31
234
241
56
797
366
683
779
317
132
882
857
468
677
174
659
745
574
155
887
240
236
624
362
13
263
440
291
80
379
196
849
38
144
144
177
16
207
562
755
299
300
261
992
980
480
270
811
674
978
748
77
965
758
6
969
268
16
669
849
614
845
982
627
45
492
929
689
779
28
788
585
464
437
699
751
620
922
24
151
806
1000
171
144
193
792
547
121
783
216
2
206
488
318
100
250
265
734
147
179
837
517
800
259
271
250
409
872
557
954
987
916
556
379
424
585
760
525
318
86
326
159
206
922
258
64
661
860
631
74
119
716
297
346
96
780
70
767
749
137
864
329
463
376
975
761
691
550
56
87
198
975
785
901
248
257
980
59
845
407
338
482
962
610
170
732
156
878
23
301
666
721
63
533
502
131
224
764
151
262
138
423
683
869
265
215
489
255
136
718
627
312
729
281
565
591
251
417
327
950
827
888
896
359
317
945
259
667
849
65
90
552
321
704
775
128
540
117
111
475
665
772
701
748
770
536
6
778
437
717
220
433
227
495
382
266
438
618
21
71
979
496
362
92
384
319
907
0
286
104
857
736
570
874
791
486
911
305
232
294
71
936
951
222
488
372
653
253
804
675
215
323
910
35
778
665
142
507
221
336
848
523
1000
424
517
153
43
773
999
612
921
692
248
536
454
158
497
975
56
680
520
997
949
9
340
964
811
729
505
321
155
716
194
166
436
422
482
159
778
810
902
62
235
534
751
24
689
814
417
463
317
764
103
234
483
50
481
687
174
789
509
724
455
803
628
32
539
327
410
510
632
164
513
152
807
727
64
814
745
821
219
711
848
223
519
398
641
780
639
877
24
817
69
82
611
71
388
473
473
911
391
338
924
597
885
800
1000
982
366
17
622
852
396
209
969
315
482
816
421
115
435
859
427
298
616
927
28
128
918
391
260
162
526
301
748
995
795
893
504
843
652
928
478
923
596
723
954
596
804
590
794
689
261
355
253
154
899
584
400
164
235
415
703
880
415
635
398
160
719
646
571
641
615
426
373
454
555
293
678
63
246
402
485
779
648
493
151
504
978
617
274
577
38
905
29
658
302
208
601
786
205
911
439
376
726
277
206
241
758
302
992
520
499
119
35
485
654
559
714
702
829
468
1
361
276
659
187
536
674
303
701
941
888
993
297
993
712
274
314
604
69
987
545
669
336
269
445
521
595
959
96
910
769
28
452
51
446
661
677
109
306
201
662
871
572
802
933
889
626
94
6
67
102
926
690
304
317
311
645
205
177
297
874
81
81
491
755
142
163
911
319
276
276
902
416
754
374
627
708
861
453
873
829
736
548
348
157
639
812
824
518
160
40
172
617
334
910
759
362
35
544
816
620
137
881
89
610
414
478
423
799
638
390
358
741
999
133
595
156
311
263
128
426
597
1
999
157
683
297
308
59
420
846
270
851
178
816
456
319
915
658
86
633
159
118
339
242
758
689
218
855
454
20
953
752
320
606
553
71
469
413
402
586
363
793
130
542
309
588
890
901
401
489
397
428
415
958
250
747
607
723
836
480
244
974
453
265
244
980
444
749
325
864
41
539
379
225
266
28
558
974
463
920
884
444
861
550
597
88
394
126
78
21
462